1 1657
1 2917
1 1225
1 2365
1 1487
1 275
1 594
1 1980
1 2796
1 2501
2 626
2 3144
2 526
2 204
2 1977
2 171
2 2352
2 2976
2 3129
2 246
3 1138
3 1988
3 634
3 2814
3 1251
3 303
3 3171
3 205
3 401
3 463
4 1253
4 2895
4 2848
4 2738
4 717
4 1233
4 2969
4 1165
4 2932
4 2515
5 8
5 2629
5 1460
5 2126
5 1101
5 892
5 2469
5 1395
5 2357
5 2956
6 1009
6 400
6 8
6 77
6 216
6 2671
6 761
6 2616
6 1251
6 2295
7 2111
7 3043
7 2912
7 1440
7 1243
7 3144
7 2871
7 46
7 69
7 1870
8 820
8 828
8 1461
8 912
8 2951
8 2371
8 1611
8 2541
8 2690
8 2158
9 2578
9 2995
9 828
9 1461
9 3137
9 2371
9 820
9 1611
9 59
9 1685
10 1795
10 34
10 2814
10 35
10 1302
10 651
10 249
10 628
10 1367
10 2895
11 1903
11 1872
11 2906
11 3171
11 1923
11 2699
11 2091
11 1466
11 3148
11 2956
12 1461
12 25
12 2690
12 18
12 1996
12 597
12 652
12 1360
12 2867
12 3137
13 797
13 1289
13 230
13 1064
13 1655
13 66
13 1795
13 267
13 1414
13 1757
14 1873
14 2679
14 2426
14 2337
14 1373
14 1374
14 622
14 717
14 804
14 2814
15 8
15 77
15 1755
15 2671
15 2713
15 2731
15 2174
15 1183
15 1548
15 3125
16 1461
16 2629
16 400
16 2266
16 822
16 1131
16 3148
16 2582
16 652
16 2184
17 210
17 1275
17 2748
17 2491
17 4
17 7
17 10
17 13
17 19
17 2253
18 1795
18 249
18 651
18 1275
18 1367
18 797
18 2685
18 2138
18 1204
18 1988
19 2007
19 1660
19 1796
19 1952
19 1342
19 1374
19 2417
19 141
19 371
19 804
20 1660
20 1796
20 1952
20 955
20 1563
20 2830
20 2524
20 2769
20 1373
20 2007
21 2325
21 371
21 2504
21 2505
21 2337
21 1619
21 2426
21 1496
21 2007
21 2955
22 57
22 3193
22 1551
22 2337
22 1281
22 192
22 82
22 1569
22 2426
22 2318
23 371
23 2505
23 657
23 2630
23 1275
23 2615
23 2426
23 2007
23 2114
23 2081
24 20
24 412
24 2844
24 268
24 293
24 927
24 942
24 1410
24 3120
24 1194
25 4
25 7
25 10
25 13
25 19
25 143
25 2318
25 436
25 238
25 651
26 2578
26 1461
26 59
26 84
26 597
26 652
26 86
26 2995
26 3105
26 618
27 1461
27 59
27 1996
27 84
27 652
27 1360
27 86
27 238
27 651
27 2578
28 1551
28 1718
28 1251
28 1165
28 1233
28 2895
28 1685
28 975
28 1728
28 596
29 1537
29 1538
29 1539
29 371
29 804
29 2089
29 2462
29 1840
29 2505
29 334
30 1461
30 195
30 2876
30 1926
30 300
30 581
30 1131
30 1702
30 1616
30 2360
31 1144
31 1440
31 730
31 1233
31 2174
31 1686
31 694
31 415
31 2051
31 2371
32 2766
32 2094
32 3139
32 70
32 2896
32 1172
32 1786
32 2174
32 2630
32 2315
33 1954
33 2043
33 1662
33 1577
33 2226
33 1285
33 2544
33 3059
33 1147
33 1968
34 718
34 2642
34 2759
34 332
34 1567
34 1797
34 1833
34 2808
34 1259
34 2266
35 2090
35 371
35 442
35 454
35 842
35 1038
35 2426
35 8
35 503
35 717
36 2836
36 1669
36 1737
36 2476
36 2112
36 2110
36 778
36 1668
36 1917
36 354
37 2560
37 2956
37 2912
37 2321
37 2184
37 2794
37 1828
37 1495
37 2000
37 1270
38 3069
38 483
38 3105
38 1861
38 2966
38 536
38 2082
38 1852
38 1248
38 2139
39 2078
39 1902
39 2940
39 1861
39 1614
39 2651
39 3105
39 3103
39 2254
39 1678
40 1588
40 2956
40 2060
40 3173
40 2406
40 3198
40 1847
40 2265
40 1626
40 1612
41 401
41 2080
41 975
41 2371
41 2955
41 651
41 2578
41 2995
41 3128
41 822
42 633
42 2894
42 4
42 7
42 10
42 13
42 19
42 2318
42 204
42 436
43 4
43 7
43 10
43 13
43 19
43 436
43 633
43 1528
43 1208
43 2447
44 436
44 1208
44 525
44 931
44 461
44 557
44 912
44 2447
44 2325
44 4
45 2114
45 2318
45 1233
45 2988
45 1402
45 2452
45 236
45 2059
45 1515
45 1657
46 651
46 1627
46 1457
46 2990
46 2803
46 329
46 944
46 2616
46 2165
46 1032
47 2318
47 1627
47 239
47 3012
47 1526
47 2435
47 2984
47 3174
47 651
47 1233
48 1101
48 2589
48 2861
48 3122
48 2935
48 6
48 1797
48 2310
48 3010
48 2553
49 634
49 239
49 6
49 652
49 651
49 2578
49 2735
49 1101
49 2982
49 400
50 634
50 652
50 275
50 651
50 2575
50 2070
50 690
50 2278
50 239
50 626
51 371
51 1795
51 2505
51 249
51 3075
51 2952
51 1367
51 2570
51 2426
51 2007
52 1131
52 1329
52 238
52 2271
52 2504
52 2995
52 331
52 334
52 529
52 1904
53 139
53 514
53 569
53 787
53 1124
53 203
53 67
53 1283
53 453
53 725
54 2814
54 689
54 651
54 3185
54 762
54 920
54 529
54 2958
54 1902
54 4
55 522
55 2814
55 556
55 1142
55 3198
55 559
55 640
55 2090
55 2078
55 76
56 2803
56 1101
56 2449
56 1678
56 2327
56 99
56 1781
56 2616
56 8
56 77
57 1106
57 2312
57 3155
57 2458
57 1248
57 351
57 1132
57 1339
57 2700
57 2825
58 660
58 2604
58 1270
58 1474
58 2849
58 2994
58 2670
58 1697
58 1482
58 2310
59 651
59 1456
59 2407
59 1700
59 727
59 1486
59 1457
59 1233
59 1438
59 2126
60 1774
60 3026
60 1572
60 1965
60 2782
60 698
60 1165
60 2812
60 618
60 1750
61 634
61 239
61 2711
61 1935
61 2114
61 179
61 180
61 181
61 182
61 317
62 1795
62 660
62 249
62 2608
62 1368
62 1209
62 2952
62 1367
62 2685
62 2601
63 1795
63 1367
63 2426
63 2337
63 2630
63 34
63 3075
63 121
63 371
63 2895
64 2729
64 2513
64 2756
64 1957
64 595
64 2232
64 1131
64 1878
64 973
64 2185
