1 1938
1 1523
1 1071
1 1033
1 2319
1 1393
1 1440
1 1657
1 2126
1 2380
2 3059
2 1931
2 1062
2 1619
2 727
2 526
2 1364
2 2735
2 3034
2 3129
3 1098
3 3135
3 1365
3 1196
3 2603
3 1366
3 2867
3 1834
3 2317
3 2864
4 2342
4 2931
4 2377
4 2940
4 1145
4 1978
4 3018
4 2196
4 724
4 2438
5 1671
5 2035
5 2002
5 1392
5 1206
5 1194
5 2003
5 1827
5 2985
5 1435
6 2931
6 2721
6 2940
6 2572
6 1341
6 1199
6 695
6 2307
6 2154
6 670
7 3043
7 2871
7 1854
7 2111
7 2317
7 2342
7 2289
7 2623
7 46
7 1728
8 820
8 2776
8 2852
8 3068
8 2951
8 1685
8 2345
8 2158
8 1247
8 3038
9 2776
9 1928
9 2372
9 1489
9 2147
9 1711
9 3183
9 1387
9 2979
9 1464
10 1795
10 249
10 34
10 2814
10 35
10 1302
10 651
10 1158
10 1444
10 2192
11 1903
11 2923
11 1872
11 2906
11 249
11 2316
11 2603
11 3171
11 1923
11 3148
12 1461
12 1462
12 3068
12 1912
12 25
12 3127
12 2319
12 2690
12 2111
12 2867
13 66
13 797
13 2748
13 1922
13 1757
13 1289
13 230
13 1064
13 1655
13 1795
14 2819
14 2950
14 3038
14 3166
14 1196
14 3087
14 2289
14 1030
14 2181
14 1724
15 59
15 2457
15 1628
15 2874
15 2623
15 84
15 409
15 3087
15 1750
15 2827
16 409
16 2979
16 1928
16 59
16 2741
16 2358
16 2317
16 84
16 3119
16 855
17 59
17 84
17 2491
17 3000
17 86
17 1658
17 1834
17 2979
17 2623
17 1366
18 1795
18 249
18 1988
18 1366
18 1711
18 651
18 1158
18 618
18 1247
18 2705
19 371
19 1660
19 1796
19 1952
19 2902
19 1342
19 2007
19 3166
19 141
19 804
20 1660
20 1796
20 1952
20 3152
20 955
20 185
20 1047
20 2674
20 2627
20 2480
21 371
21 409
21 2325
21 2370
21 2968
21 1489
21 2389
21 2504
21 2679
21 2454
22 2840
22 3032
22 1931
22 2147
22 2337
22 1247
22 1659
22 2534
22 1626
22 2180
23 371
23 409
23 1862
23 2276
23 2370
23 2433
23 2968
23 3043
23 1489
23 2709
24 3043
24 2844
24 268
24 412
24 2376
24 293
24 1696
24 927
24 2342
24 20
25 1653
25 2318
25 2812
25 59
25 84
25 1719
25 1834
25 2634
25 1366
25 3119
26 2578
26 1461
26 1341
26 2840
26 1387
26 2888
26 2626
26 3068
26 597
26 652
27 59
27 3011
27 84
27 3068
27 2798
27 3000
27 1196
27 86
27 1725
27 2867
28 2572
28 2776
28 2454
28 2307
28 2890
28 1770
28 1206
28 2892
28 1928
28 1032
29 371
29 2229
29 1933
29 409
29 804
29 2276
29 2644
29 1539
29 2370
29 2968
30 1461
30 2144
30 1211
30 195
30 2729
30 1131
30 1702
30 2980
30 2840
30 2479
31 1381
31 1847
31 1388
31 2051
31 2931
31 1159
31 1805
31 3013
31 1625
31 1686
32 1159
32 2094
32 2819
32 3076
32 2289
32 1145
32 2572
32 2883
32 2646
32 2924
33 1334
33 1404
33 1847
33 1954
33 2043
33 1809
33 1147
33 1032
33 2805
33 1260
34 3096
34 794
34 1386
34 982
34 1623
34 1834
34 1433
34 2840
34 2809
34 1259
35 1397
35 371
35 2090
35 1386
35 1696
35 1396
35 1628
35 442
35 454
35 409
36 2110
36 2509
36 2030
36 1265
36 1737
36 1863
36 2223
36 1162
36 1350
36 1669
37 2184
37 1847
37 1844
37 2342
37 2060
37 2651
37 2265
37 3128
37 2912
37 2046
38 3069
38 1698
38 3031
38 1890
38 2718
38 3111
38 1433
38 2622
38 2876
38 2905
39 2651
39 3103
39 2406
39 2940
39 3105
39 2998
39 2254
39 2603
39 2958
39 2155
40 1588
40 2406
40 2060
40 1457
40 1051
40 1098
40 1612
40 2051
40 1388
40 1728
41 3043
41 3128
41 1711
41 1928
41 3038
41 2499
41 3000
41 1474
41 2111
41 3148
42 1653
42 2370
42 2318
42 633
42 2634
42 1680
42 2866
42 1719
42 1973
42 2812
43 2812
43 1366
43 1404
43 2494
43 2325
43 1834
43 3143
43 1554
43 633
43 3078
44 1404
44 3078
44 2494
44 2325
44 436
44 1834
44 322
44 2812
44 1208
44 525
45 1412
45 2318
45 1194
45 3181
45 2319
45 1032
45 2541
45 1976
45 3090
45 1653
46 329
46 1457
46 1653
46 1032
46 2842
46 3134
46 2990
46 1699
46 2631
46 1194
47 3134
47 2318
47 3012
47 1699
47 2990
47 2726
47 1412
47 2984
47 2848
47 1307
48 1066
48 1809
48 409
48 1353
48 3130
48 2314
48 2310
48 2308
48 2198
48 2823
49 2882
49 2990
49 1457
49 1699
49 1387
49 3134
49 2519
49 2916
49 2486
49 2165
50 634
50 1457
50 891
50 2288
50 2896
50 1746
50 1927
50 652
50 2888
50 275
51 371
51 3006
51 409
51 2370
51 2968
51 1489
51 1752
51 1795
51 2723
51 1158
52 2147
52 1928
52 1711
52 1366
52 1489
52 2979
52 1783
52 2370
52 3183
52 3028
53 2714
53 514
53 569
53 787
53 1124
53 203
53 717
53 67
53 1283
53 1501
54 2651
54 2958
54 2705
54 1098
54 2314
54 3148
54 409
54 2046
54 2406
54 3073
55 2705
55 3056
55 1098
55 2316
55 1366
55 3064
55 1846
55 2738
55 1135
55 2194
56 2327
56 2842
56 2302
56 2931
56 1366
56 2167
56 3150
56 2233
56 1703
56 2316
57 3077
57 3140
57 2312
57 1695
57 2931
57 2480
57 796
57 1934
57 2219
57 1470
58 3087
58 1344
58 1474
58 2634
58 1366
58 1484
58 2081
58 1264
58 1252
58 440
59 1456
59 1457
59 2127
59 1711
59 3087
59 2705
59 2059
59 144
59 2389
59 1032
60 3025
60 3087
60 2127
60 1680
60 695
60 1489
60 3142
60 3092
60 2967
60 1264
61 2711
61 3137
61 634
61 3134
61 2882
61 1457
61 1699
61 2486
61 239
61 3012
62 2164
62 1711
62 249
62 2952
62 1368
62 3098
62 2200
62 2357
62 3046
62 1795
63 1795
63 371
63 409
63 1711
63 2276
63 1158
63 860
63 618
63 1247
63 2968
64 2729
64 1878
64 409
64 1390
64 1530
64 3202
64 3188
64 2723
64 1456
64 1588
