1 2319
1 1938
1 971
1 2371
1 1071
1 1410
1 1657
1 2379
1 1908
1 1572
2 3078
2 335
2 2434
2 1364
2 727
2 2863
2 2250
2 1519
2 47
2 1046
3 1304
3 1521
3 62
3 1988
3 929
3 2316
3 2551
3 2603
3 2658
3 100
4 3043
4 2377
4 3103
4 2342
4 2519
4 2844
4 1135
4 483
4 3141
4 3148
5 2321
5 2960
5 2629
5 2035
5 2003
5 1188
5 1742
5 3144
5 1923
5 1829
6 2826
6 438
6 1543
6 2828
6 242
6 2230
6 1009
6 435
6 2931
6 3035
7 3043
7 3148
7 2912
7 1553
7 3104
7 371
7 2862
7 2668
7 3141
7 2342
8 2625
8 2776
8 1685
8 912
8 2951
8 2830
8 2500
8 1869
8 2371
8 2499
9 3068
9 2372
9 2776
9 1685
9 1461
9 2371
9 2849
9 1261
9 3158
9 2578
10 1795
10 2316
10 1262
10 2603
10 392
10 2896
10 249
10 141
10 1098
10 2685
11 2699
11 2923
11 1903
11 2316
11 3148
11 2906
11 1872
11 3171
11 2717
11 2603
12 3127
12 1930
12 2246
12 1461
12 3068
12 2319
12 1462
12 2740
12 2867
12 2796
13 2897
13 1362
13 2748
13 1901
13 2491
13 48
13 2835
13 2611
13 797
13 1652
14 1724
14 2876
14 307
14 3087
14 3011
14 2816
14 2976
14 2563
14 2348
14 1191
15 2835
15 2611
15 1231
15 2464
15 2344
15 307
15 1947
15 2929
15 3080
15 820
16 307
16 409
16 3141
16 1461
16 2740
16 1191
16 1135
16 2629
16 1846
16 1076
17 1757
17 2491
17 2897
17 1362
17 2748
17 1134
17 48
17 1223
17 2835
17 1652
18 1811
18 2156
18 249
18 1988
18 3075
18 1795
18 2897
18 2685
18 2896
18 3156
19 371
19 1262
19 392
19 1601
19 2896
19 141
19 950
19 1795
19 2685
19 1158
20 2506
20 2442
20 2199
20 1563
20 2695
20 2630
20 1047
20 349
20 777
20 936
21 2325
21 876
21 3007
21 1659
21 371
21 883
21 1943
21 425
21 3166
21 2932
22 2384
22 2441
22 2637
22 2564
22 2473
22 2638
22 2751
22 266
22 87
22 2188
23 3148
23 3043
23 2578
23 1780
23 371
23 3082
23 2276
23 3137
23 52
23 88
24 268
24 1696
24 3043
24 412
24 2342
24 2376
24 3141
24 2371
24 1748
24 1749
25 1653
25 2318
25 436
25 2542
25 1374
25 1938
25 444
25 3048
25 360
25 1719
26 2626
26 1461
26 2844
26 2870
26 483
26 3068
26 2377
26 2632
26 2319
26 2939
27 3011
27 1461
27 2798
27 2669
27 2319
27 2988
27 2902
27 2918
27 3068
27 2740
28 3032
28 2849
28 2890
28 2776
28 2949
28 1685
28 2197
28 2951
28 2371
28 1695
29 1539
29 1840
29 1537
29 1538
29 2644
29 2462
29 2089
29 1841
29 1933
29 2229
30 1256
30 195
30 84
30 3142
30 1926
30 2909
30 2312
30 2876
30 3179
30 718
31 195
31 3047
31 2415
31 1327
31 674
31 1839
31 2826
31 2125
31 1144
31 1686
32 2177
32 1839
32 3139
32 2630
32 2461
32 2790
32 2430
32 2172
32 1481
32 1961
33 2043
33 1954
33 2548
33 2805
33 2284
33 1968
33 3016
33 1617
33 1501
33 2335
34 1949
34 1524
34 35
34 1803
34 1440
34 5
34 1644
34 1999
34 848
34 1618
35 1474
35 3007
35 1397
35 2090
35 2560
35 2850
35 2836
35 1386
35 2165
35 1214
36 1265
36 1131
36 2110
36 2061
36 2476
36 2030
36 2112
36 1399
36 1350
36 1737
37 2265
37 2956
37 2651
37 2376
37 1828
37 2632
37 2060
37 2912
37 3141
37 3103
38 2082
38 2958
38 3103
38 3031
38 2470
38 1625
38 3059
38 1698
38 1569
38 2845
39 2651
39 3103
39 2958
39 1861
39 1614
39 2406
39 2940
39 1902
39 1142
39 2956
40 1098
40 2316
40 2603
40 1588
40 2406
40 1485
40 2705
40 1366
40 249
40 2956
41 3043
41 3148
41 2578
41 3082
41 3137
41 1780
41 52
41 2371
41 3128
41 2276
42 204
42 1653
42 462
42 2641
42 2789
42 2231
42 2107
42 2215
42 2402
42 633
43 2569
43 3107
43 2703
43 2754
43 2847
43 3046
43 3098
43 3100
43 1554
43 2341
44 2829
44 2523
44 2325
44 1404
44 2125
44 525
44 1260
44 1034
44 633
44 1002
45 1976
45 2318
45 2816
45 1660
45 1796
45 1952
45 2964
45 2114
45 2493
45 1271
46 1457
46 329
46 2711
46 1653
46 2990
46 2641
46 661
46 1032
46 891
46 2789
47 2288
47 891
47 1457
47 1699
47 2318
47 2882
47 2726
47 2832
47 2848
47 3134
48 47
48 2325
48 2417
48 1066
48 371
48 3130
48 1654
48 3166
48 1809
48 3010
49 651
49 2882
49 3134
49 1457
49 1699
49 891
49 2288
49 634
49 3012
49 2795
50 1811
50 3075
50 1457
50 891
50 634
50 2288
50 651
50 3156
50 3134
50 275
51 1811
51 3075
51 3006
51 3156
51 2022
51 2017
51 82
51 2085
51 2714
51 2872
52 2721
52 1366
52 557
52 3070
52 1030
52 757
52 1208
52 1329
52 1207
52 2749
53 514
53 569
53 139
53 2981
53 1817
53 2613
53 1186
53 2031
53 852
53 2210
54 2958
54 2842
54 3104
54 3103
54 307
54 2155
54 2470
54 309
54 2972
54 308
55 1355
55 1896
55 1898
55 1739
55 1993
55 2650
55 2921
55 3064
55 1665
55 1846
56 2327
56 1678
56 1355
56 1896
56 1739
56 2323
56 1898
56 1154
56 1993
56 2931
57 3077
57 3140
57 196
57 1106
57 1137
57 437
57 1132
57 1
57 209
57 176
58 1344
58 1816
58 2634
58 1631
58 1578
58 69
58 1474
58 1398
58 2395
58 50
59 2111
59 1112
59 1235
59 1665
59 1456
59 144
59 1855
59 1681
59 2711
59 2905
60 2593
60 2967
60 2876
60 2816
60 3087
60 695
60 2882
60 2976
60 3142
60 1532
61 634
61 2711
61 1287
61 1457
61 3129
61 1236
61 2114
61 1830
61 3134
61 2882
62 1961
62 2790
62 2430
62 1368
62 1648
62 1424
62 2932
62 2327
62 2333
62 2057
63 1795
63 2896
63 371
63 1262
63 3061
63 1601
63 392
63 141
63 3166
63 2781
64 2651
64 1588
64 2513
64 1307
64 1051
64 527
64 1046
64 1717
64 1549
64 1878
